var colorImgScore = [
{"lat":4.67700432612,"log":-74.0440790842,"pv":1.9200000000000002,"nv":93.6,"zv":4.4799999999999995,"name":"4.67700432612_-74.0440790842_-135.jpg"},
{"lat":4.62611590394,"log":-74.0569611856,"pv":20,"nv":80,"zv":0,"name":"4.62611590394_-74.0569611856_135.jpg"},
{"lat":4.6352694,"log":-74.0600581,"pv":0.8727272727272728,"nv":96.71272727272728,"zv":2.4145454545454546,"name":"4.6352694_-74.0600581_90.jpg"},
{"lat":4.67861641957,"log":-74.0500087305,"pv":75.69339256709857,"nv":15.39403200893884,"zv":8.912575423962588,"name":"4.67861641957_-74.0500087305_135.jpg"},
{"lat":4.6281963124,"log":-74.0659965912,"pv":21.92,"nv":75.2,"zv":2.8800000000000003,"name":"4.6281963124_-74.0659965912_-90.jpg"},
{"lat":4.66261113369,"log":-74.0601674439,"pv":20.32,"nv":79.03999999999999,"zv":0.6399999999999999,"name":"4.66261113369_-74.0601674439_180.jpg"},
{"lat":4.67342793016,"log":-74.042832192,"pv":9.28,"nv":88.79999999999998,"zv":1.92,"name":"4.67342793016_-74.042832192_45.jpg"},
{"lat":4.67210945416,"log":-74.0567211807,"pv":51.60242424242425,"nv":46.14787878787879,"zv":2.249696969696969,"name":"4.67210945416_-74.0567211807_-45.jpg"},
{"lat":4.65428017893,"log":-74.054739848,"pv":93.85,"nv":1.525,"zv":4.625,"name":"4.65428017893_-74.054739848_-90.jpg"},
{"lat":4.66166127766,"log":-74.0507683135,"pv":53.840830449826996,"nv":34.94809688581315,"zv":11.211072664359863,"name":"4.66166127766_-74.0507683135_90.jpg"},
{"lat":4.65143013306,"log":-74.0491591814,"pv":25.383707201889017,"nv":73.35694608421882,"zv":1.2593467138921681,"name":"4.65143013306_-74.0491591814_-90.jpg"},
{"lat":4.6767357198,"log":-74.0403415863,"pv":0,"nv":100,"zv":0,"name":"4.6767357198_-74.0403415863_45.jpg"},
{"lat":4.66161766158,"log":-74.0519636316,"pv":86.28282828282829,"nv":7.4444444444444455,"zv":6.2727272727272725,"name":"4.66161766158_-74.0519636316_45.jpg"},
{"lat":4.6564933,"log":-74.0493729,"pv":56.25142045454545,"nv":38.02130681818182,"zv":5.727272727272727,"name":"4.6564933_-74.0493729_180.jpg"},
{"lat":4.62852034632,"log":-74.0600594025,"pv":1.15,"nv":94.97500000000001,"zv":3.875,"name":"4.62852034632_-74.0600594025_0.jpg"},
{"lat":4.6375399,"log":-74.0614414,"pv":60,"nv":40,"zv":0,"name":"4.6375399_-74.0614414_180.jpg"},
{"lat":4.63756830674,"log":-74.0642540601,"pv":55.27272727272727,"nv":30.196363636363632,"zv":14.53090909090909,"name":"4.63756830674_-74.0642540601_-135.jpg"},
{"lat":4.66834417023,"log":-74.0510538496,"pv":75.52000000000001,"nv":21.28,"zv":3.2000000000000006,"name":"4.66834417023_-74.0510538496_-135.jpg"},
{"lat":4.6367024083,"log":-74.0622942449,"pv":93.11999999999999,"nv":5.6,"zv":1.2799999999999998,"name":"4.6367024083_-74.0622942449_90.jpg"},
{"lat":4.68187366248,"log":-74.0537317984,"pv":0.64,"nv":96.16,"zv":3.2000000000000006,"name":"4.68187366248_-74.0537317984_180.jpg"},
{"lat":4.6624875,"log":-74.0485086,"pv":85.92,"nv":6.986666666666667,"zv":7.093333333333334,"name":"4.6624875_-74.0485086_90.jpg"},
{"lat":4.6742550789,"log":-74.0491642555,"pv":74.4,"nv":20.8,"zv":4.8,"name":"4.6742550789_-74.0491642555_135.jpg"},
{"lat":4.68012836168,"log":-74.0529810433,"pv":34.01652892561984,"nv":58.84297520661157,"zv":7.140495867768594,"name":"4.68012836168_-74.0529810433_-135.jpg"},
{"lat":4.6613387,"log":-74.047446,"pv":95.76719576719577,"nv":1.26984126984127,"zv":2.9629629629629632,"name":"4.6613387_-74.047446_-135.jpg"},
{"lat":4.63374963926,"log":-74.057621544,"pv":4.646464646464646,"nv":94.54545454545453,"zv":0.808080808080808,"name":"4.63374963926_-74.057621544_0.jpg"},
{"lat":4.64245190091,"log":-74.05465201,"pv":20.64,"nv":78.08,"zv":1.28,"name":"4.64245190091_-74.05465201_-45.jpg"},
{"lat":4.62825638624,"log":-74.065238079,"pv":55.51999999999999,"nv":38.72,"zv":5.760000000000001,"name":"4.62825638624_-74.065238079_-135.jpg"},
{"lat":4.67870735446,"log":-74.0509295552,"pv":35.2,"nv":60.400000000000006,"zv":4.400000000000001,"name":"4.67870735446_-74.0509295552_45.jpg"},
{"lat":4.6702545832,"log":-74.0497532656,"pv":48.00000000000001,"nv":47.599999999999994,"zv":4.4,"name":"4.6702545832_-74.0497532656_-45.jpg"},
{"lat":4.67825109007,"log":-74.0396430339,"pv":0,"nv":100,"zv":0,"name":"4.67825109007_-74.0396430339_-135.jpg"},
{"lat":4.67034384585,"log":-74.0195728453,"pv":25.333333333333336,"nv":73.00000000000001,"zv":1.6666666666666667,"name":"4.67034384585_-74.0195728453_90.jpg"},
{"lat":4.68239929805,"log":-74.0577999905,"pv":20,"nv":80,"zv":0,"name":"4.68239929805_-74.0577999905_45.jpg"},
{"lat":4.65712625379,"log":-74.0608227311,"pv":67.84000000000002,"nv":29.599999999999998,"zv":2.56,"name":"4.65712625379_-74.0608227311_-45.jpg"},
{"lat":4.6313447,"log":-74.0602926,"pv":0,"nv":97.75,"zv":2.25,"name":"4.6313447_-74.0602926_0.jpg"},
{"lat":4.66559275606,"log":-74.0483988895,"pv":62.8,"nv":33.199999999999996,"zv":4,"name":"4.66559275606_-74.0483988895_-135.jpg"},
{"lat":4.64686523098,"log":-74.0642304532,"pv":66.33333333333333,"nv":33.55555555555556,"zv":0.1111111111111111,"name":"4.64686523098_-74.0642304532_135.jpg"},
{"lat":4.66145672224,"log":-74.0520798059,"pv":79.67999999999999,"nv":17.439999999999998,"zv":2.88,"name":"4.66145672224_-74.0520798059_-135.jpg"},
{"lat":4.62706283781,"log":-74.0622994173,"pv":48,"nv":46.71999999999999,"zv":5.28,"name":"4.62706283781_-74.0622994173_45.jpg"},
{"lat":4.67006457629,"log":-74.0445204396,"pv":41.67999999999999,"nv":49.51999999999999,"zv":8.799999999999999,"name":"4.67006457629_-74.0445204396_90.jpg"},
{"lat":4.67403526858,"log":-74.037689286,"pv":10.78125,"nv":82.65625,"zv":6.5625,"name":"4.67403526858_-74.037689286_-90.jpg"},
{"lat":4.68576019288,"log":-74.0546666646,"pv":71.29973201401772,"nv":20.016491445062876,"zv":8.683776540919396,"name":"4.68576019288_-74.0546666646_135.jpg"},
{"lat":4.66453417378,"log":-74.0493025503,"pv":82.60212514757968,"nv":12.03305785123967,"zv":5.364817001180637,"name":"4.66453417378_-74.0493025503_180.jpg"},
{"lat":4.6378541,"log":-74.0618249,"pv":0,"nv":100,"zv":0,"name":"4.6378541_-74.0618249_45.jpg"},
{"lat":4.65101047143,"log":-74.0510368823,"pv":75.88888888888889,"nv":24.000000000000004,"zv":0.11111111111111109,"name":"4.65101047143_-74.0510368823_-90.jpg"},
{"lat":4.67689888726,"log":-74.0564823775,"pv":73.44,"nv":25.919999999999998,"zv":0.64,"name":"4.67689888726_-74.0564823775_-90.jpg"},
{"lat":4.66065626213,"log":-74.0564077182,"pv":74.24,"nv":25.119999999999997,"zv":0.6399999999999999,"name":"4.66065626213_-74.0564077182_90.jpg"},
{"lat":4.64438535734,"log":-74.064393958,"pv":20,"nv":80,"zv":0,"name":"4.64438535734_-74.064393958_-45.jpg"},
{"lat":4.67404462451,"log":-74.0422019535,"pv":20.16,"nv":79.67999999999999,"zv":0.16,"name":"4.67404462451_-74.0422019535_180.jpg"},
{"lat":4.6537552,"log":-74.0508124,"pv":52.400000000000006,"nv":42.400000000000006,"zv":5.199999999999999,"name":"4.6537552_-74.0508124_0.jpg"},
{"lat":4.66280332499,"log":-74.0600440549,"pv":49.919999999999995,"nv":49.919999999999995,"zv":0.16,"name":"4.66280332499_-74.0600440549_-135.jpg"},
{"lat":4.64599979312,"log":-74.0609179952,"pv":0,"nv":99.41818181818182,"zv":0.5818181818181818,"name":"4.64599979312_-74.0609179952_-45.jpg"},
{"lat":4.67418457164,"log":-74.0513971012,"pv":55.67999999999999,"nv":38.08,"zv":6.239999999999999,"name":"4.67418457164_-74.0513971012_-90.jpg"},
{"lat":4.65231570015,"log":-74.0624488248,"pv":54.5716909353273,"nv":43.132624950806765,"zv":2.295684113865932,"name":"4.65231570015_-74.0624488248_-45.jpg"},
{"lat":4.6685315,"log":-74.0231679,"pv":17.439999999999998,"nv":81.28,"zv":1.28,"name":"4.6685315_-74.0231679_0.jpg"},
{"lat":4.6560838451,"log":-74.0475490946,"pv":77.14424242424242,"nv":13.895757575757575,"zv":8.96,"name":"4.6560838451_-74.0475490946_-90.jpg"},
{"lat":4.67218143889,"log":-74.0434702031,"pv":94.80000000000001,"nv":0.8,"zv":4.4,"name":"4.67218143889_-74.0434702031_-45.jpg"},
{"lat":4.6488869,"log":-74.0542489,"pv":75.09980928162746,"nv":20.67387158296249,"zv":4.226319135410043,"name":"4.6488869_-74.0542489_-90.jpg"},
{"lat":4.62724326232,"log":-74.0599093911,"pv":0,"nv":100,"zv":0,"name":"4.62724326232_-74.0599093911_-45.jpg"},
{"lat":4.6718972,"log":-74.0446873,"pv":83.701171875,"nv":3.1710379464285716,"zv":13.127790178571427,"name":"4.6718972_-74.0446873_45.jpg"},
{"lat":4.6309792,"log":-74.0612568,"pv":6.800000000000001,"nv":88.8,"zv":4.400000000000001,"name":"4.6309792_-74.0612568_135.jpg"},
{"lat":4.652756,"log":-74.0498687,"pv":89.93238166791886,"nv":8.665164037064864,"zv":1.4024542950162784,"name":"4.652756_-74.0498687_0.jpg"},
{"lat":4.63189987565,"log":-74.0648988114,"pv":78.1617831204608,"nv":20.961682945154024,"zv":0.8765339343851738,"name":"4.63189987565_-74.0648988114_-90.jpg"},
{"lat":4.6496707,"log":-74.0503618,"pv":6.458333333333334,"nv":91.66666666666666,"zv":1.875,"name":"4.6496707_-74.0503618_-90.jpg"},
{"lat":4.66909808129,"log":-74.0514021721,"pv":80.32000000000001,"nv":9.6,"zv":10.08,"name":"4.66909808129_-74.0514021721_180.jpg"},
{"lat":4.64999741426,"log":-74.0553275638,"pv":87.18303571428571,"nv":2.8928571428571432,"zv":9.924107142857142,"name":"4.64999741426_-74.0553275638_0.jpg"},
{"lat":4.6397273,"log":-74.0574941,"pv":76.44128358414073,"nv":15.450422593279736,"zv":8.108293822579537,"name":"4.6397273_-74.0574941_-90.jpg"},
{"lat":4.67231840211,"log":-74.0467583496,"pv":100,"nv":0,"zv":0,"name":"4.67231840211_-74.0467583496_45.jpg"},
{"lat":4.64273538142,"log":-74.0554174341,"pv":5.9375,"nv":93.125,"zv":0.9375,"name":"4.64273538142_-74.0554174341_0.jpg"},
{"lat":4.67651575967,"log":-74.0474989286,"pv":81.66666666666667,"nv":16.333333333333336,"zv":2.000000000000001,"name":"4.67651575967_-74.0474989286_45.jpg"},
{"lat":4.67247144008,"log":-74.0523946535,"pv":78.08,"nv":20.64,"zv":1.28,"name":"4.67247144008_-74.0523946535_-45.jpg"},
{"lat":4.68076500147,"log":-74.0513532739,"pv":86.23999999999998,"nv":11.520000000000001,"zv":2.2399999999999998,"name":"4.68076500147_-74.0513532739_0.jpg"},
{"lat":4.65788644717,"log":-74.0596277467,"pv":70.39999999999999,"nv":26.399999999999995,"zv":3.1999999999999993,"name":"4.65788644717_-74.0596277467_0.jpg"},
{"lat":4.6674359014,"log":-74.0598175128,"pv":52.160000000000004,"nv":46.24,"zv":1.6000000000000003,"name":"4.6674359014_-74.0598175128_-135.jpg"},
{"lat":4.64563779425,"log":-74.0579683353,"pv":100,"nv":0,"zv":0,"name":"4.64563779425_-74.0579683353_-90.jpg"},
{"lat":4.6497056952,"log":-74.0578106186,"pv":86,"nv":5.04,"zv":8.959999999999999,"name":"4.6497056952_-74.0578106186_0.jpg"},
{"lat":4.65644636515,"log":-74.0539083041,"pv":27.888888888888886,"nv":72,"zv":0.11111111111111109,"name":"4.65644636515_-74.0539083041_45.jpg"},
{"lat":4.64944913504,"log":-74.0577183138,"pv":75.58095238095237,"nv":10.806349206349205,"zv":13.612698412698412,"name":"4.64944913504_-74.0577183138_-45.jpg"},
{"lat":4.66443666394,"log":-74.048114113,"pv":38.09523809523809,"nv":50.29478458049886,"zv":11.609977324263037,"name":"4.66443666394_-74.048114113_180.jpg"},
{"lat":4.64941584773,"log":-74.0538108373,"pv":65.48363636363635,"nv":28.959999999999997,"zv":5.556363636363637,"name":"4.64941584773_-74.0538108373_45.jpg"},
{"lat":4.63736979059,"log":-74.0665566622,"pv":0,"nv":99.47107438016529,"zv":0.5289256198347108,"name":"4.63736979059_-74.0665566622_-90.jpg"},
{"lat":4.67205319812,"log":-74.0556986155,"pv":69.55555555555556,"nv":29.55555555555555,"zv":0.8888888888888887,"name":"4.67205319812_-74.0556986155_90.jpg"},
{"lat":4.6662032333,"log":-74.0487667719,"pv":87.2396694214876,"nv":6.8099173553719,"zv":5.950413223140494,"name":"4.6662032333_-74.0487667719_-135.jpg"},
{"lat":4.67709546667,"log":-74.0442551147,"pv":24.879999999999995,"nv":67.28,"zv":7.84,"name":"4.67709546667_-74.0442551147_90.jpg"},
{"lat":4.67594750159,"log":-74.0550850769,"pv":92.69204152249134,"nv":0.33217993079584773,"zv":6.975778546712802,"name":"4.67594750159_-74.0550850769_90.jpg"},
{"lat":4.63888795061,"log":-74.0647089973,"pv":100,"nv":0,"zv":0,"name":"4.63888795061_-74.0647089973_180.jpg"},
{"lat":4.67150191526,"log":-74.0545826425,"pv":66.72,"nv":27.839999999999996,"zv":5.44,"name":"4.67150191526_-74.0545826425_0.jpg"},
{"lat":4.6780801,"log":-74.0482075,"pv":36.08,"nv":62.47999999999999,"zv":1.4400000000000002,"name":"4.6780801_-74.0482075_-90.jpg"},
{"lat":4.67990025034,"log":-74.0457358867,"pv":99.88888888888889,"nv":0,"zv":0.1111111111111111,"name":"4.67990025034_-74.0457358867_-45.jpg"},
{"lat":4.65761337134,"log":-74.0522037099,"pv":76.21333333333334,"nv":15.253333333333336,"zv":8.533333333333335,"name":"4.65761337134_-74.0522037099_-90.jpg"},
{"lat":4.62453706598,"log":-74.0575044762,"pv":0,"nv":97.99649386426246,"zv":2.0035061357375414,"name":"4.62453706598_-74.0575044762_135.jpg"},
{"lat":4.64395196144,"log":-74.0608047588,"pv":60,"nv":40,"zv":0,"name":"4.64395196144_-74.0608047588_90.jpg"},
{"lat":4.6291255,"log":-74.0592786,"pv":16.666666666666664,"nv":83.33333333333334,"zv":0,"name":"4.6291255_-74.0592786_-90.jpg"},
{"lat":4.65304597857,"log":-74.0550441745,"pv":100,"nv":0,"zv":0,"name":"4.65304597857_-74.0550441745_90.jpg"},
{"lat":4.65136881924,"log":-74.0625858861,"pv":0.31999999999999995,"nv":99.03999999999999,"zv":0.6399999999999999,"name":"4.65136881924_-74.0625858861_180.jpg"},
{"lat":4.66524749429,"log":-74.0467045559,"pv":20,"nv":80,"zv":0,"name":"4.66524749429_-74.0467045559_180.jpg"},
{"lat":4.6542350541,"log":-74.0610213179,"pv":64.96,"nv":31.840000000000003,"zv":3.2000000000000006,"name":"4.6542350541_-74.0610213179_45.jpg"},
{"lat":4.66220682074,"log":-74.0566100428,"pv":87.09333333333332,"nv":10.559999999999999,"zv":2.3466666666666662,"name":"4.66220682074_-74.0566100428_180.jpg"},
{"lat":4.62963965011,"log":-74.0660336084,"pv":53.6,"nv":42.666666666666664,"zv":3.733333333333333,"name":"4.62963965011_-74.0660336084_0.jpg"},
{"lat":4.67496459485,"log":-74.0588885789,"pv":48.31999999999999,"nv":48.8,"zv":2.88,"name":"4.67496459485_-74.0588885789_0.jpg"},
{"lat":4.68329632829,"log":-74.0492821371,"pv":57.1875,"nv":40.625,"zv":2.1875,"name":"4.68329632829_-74.0492821371_90.jpg"},
{"lat":4.6564611409,"log":-74.0467733433,"pv":0,"nv":100,"zv":0,"name":"4.6564611409_-74.0467733433_-45.jpg"},
{"lat":4.67872103956,"log":-74.0490684904,"pv":74.92063492063492,"nv":20.84656084656085,"zv":4.232804232804233,"name":"4.67872103956_-74.0490684904_135.jpg"},
{"lat":4.66858743662,"log":-74.0539562185,"pv":80.74666666666667,"nv":3.84,"zv":15.413333333333332,"name":"4.66858743662_-74.0539562185_-90.jpg"},
{"lat":4.6261897,"log":-74.0592172,"pv":0,"nv":100,"zv":0,"name":"4.6261897_-74.0592172_180.jpg"},
{"lat":4.66250577607,"log":-74.059345636,"pv":65.28,"nv":34.56,"zv":0.15999999999999998,"name":"4.66250577607_-74.059345636_180.jpg"},
{"lat":4.6790464,"log":-74.0385725,"pv":20,"nv":80,"zv":0,"name":"4.6790464_-74.0385725_180.jpg"},
{"lat":4.67844583735,"log":-74.0485707882,"pv":61.239999999999995,"nv":28.679999999999993,"zv":10.08,"name":"4.67844583735_-74.0485707882_180.jpg"},
{"lat":4.66961735223,"log":-74.05191919,"pv":75.2,"nv":15.840000000000002,"zv":8.959999999999999,"name":"4.66961735223_-74.05191919_0.jpg"},
{"lat":4.6696502,"log":-74.0249509,"pv":1.2000000000000004,"nv":94.40000000000002,"zv":4.400000000000001,"name":"4.6696502_-74.0249509_-90.jpg"},
{"lat":4.66002829513,"log":-74.0547940099,"pv":53.11999999999999,"nv":44.32000000000001,"zv":2.56,"name":"4.66002829513_-74.0547940099_0.jpg"},
{"lat":4.65697106834,"log":-74.0510991078,"pv":58.95272727272728,"nv":37.70181818181818,"zv":3.3454545454545452,"name":"4.65697106834_-74.0510991078_180.jpg"},
{"lat":4.68520466414,"log":-74.0543273925,"pv":80.4297520661157,"nv":14.413223140495864,"zv":5.157024793388429,"name":"4.68520466414_-74.0543273925_-90.jpg"},
{"lat":4.66322474551,"log":-74.0470136993,"pv":0,"nv":100,"zv":0,"name":"4.66322474551_-74.0470136993_135.jpg"},
{"lat":4.68300898957,"log":-74.0559425032,"pv":87.2526922113699,"nv":11.570247933884296,"zv":1.1770598547458049,"name":"4.68300898957_-74.0559425032_180.jpg"},
{"lat":4.64337496942,"log":-74.059632473,"pv":39.05770308123249,"nv":50.33725490196078,"zv":10.605042016806724,"name":"4.64337496942_-74.059632473_90.jpg"},
{"lat":4.66073146065,"log":-74.0537897277,"pv":38.08,"nv":55.67999999999999,"zv":6.239999999999999,"name":"4.66073146065_-74.0537897277_45.jpg"},
{"lat":4.6797787,"log":-74.0442798,"pv":91.19999999999999,"nv":6.399999999999999,"zv":2.3999999999999995,"name":"4.6797787_-74.0442798_180.jpg"},
{"lat":4.64915274856,"log":-74.0554036837,"pv":75.2,"nv":21.333333333333332,"zv":3.4666666666666663,"name":"4.64915274856_-74.0554036837_45.jpg"},
{"lat":4.67349483368,"log":-74.0526384689,"pv":75.20000000000002,"nv":20.400000000000006,"zv":4.400000000000001,"name":"4.67349483368_-74.0526384689_45.jpg"},
{"lat":4.6685278,"log":-74.0587114,"pv":57.440000000000005,"nv":40.96,"zv":1.6000000000000003,"name":"4.6685278_-74.0587114_-135.jpg"},
{"lat":4.64877066598,"log":-74.0614603042,"pv":13.839506172839508,"nv":78.20987654320989,"zv":7.950617283950616,"name":"4.64877066598_-74.0614603042_90.jpg"},
{"lat":4.6554235,"log":-74.0532904,"pv":85.38461538461539,"nv":6.153846153846154,"zv":8.461538461538462,"name":"4.6554235_-74.0532904_0.jpg"},
{"lat":4.64958270531,"log":-74.064365806,"pv":0,"nv":98.72,"zv":1.28,"name":"4.64958270531_-74.064365806_180.jpg"},
{"lat":4.64888029779,"log":-74.0568775467,"pv":0.32,"nv":96.8,"zv":2.88,"name":"4.64888029779_-74.0568775467_135.jpg"},
{"lat":4.63747237206,"log":-74.0642782793,"pv":52.47999999999999,"nv":46.56000000000001,"zv":0.9600000000000001,"name":"4.63747237206_-74.0642782793_135.jpg"},
{"lat":4.6617363104,"log":-74.0581081639,"pv":61.999999999999986,"nv":36.56,"zv":1.4400000000000002,"name":"4.6617363104_-74.0581081639_45.jpg"},
{"lat":4.66282668753,"log":-74.0501343441,"pv":59.040000000000006,"nv":37.44,"zv":3.5199999999999996,"name":"4.66282668753_-74.0501343441_135.jpg"},
{"lat":4.66851247665,"log":-74.0167903596,"pv":32.16,"nv":66.56,"zv":1.28,"name":"4.66851247665_-74.0167903596_180.jpg"},
{"lat":4.6364584,"log":-74.0657174,"pv":77.84,"nv":20.72,"zv":1.4400000000000002,"name":"4.6364584_-74.0657174_45.jpg"},
{"lat":4.67541964886,"log":-74.0449126089,"pv":93.44,"nv":5.6,"zv":0.96,"name":"4.67541964886_-74.0449126089_135.jpg"},
{"lat":4.66631278003,"log":-74.0540052181,"pv":56.93473193473193,"nv":34.044289044289044,"zv":9.020979020979022,"name":"4.66631278003_-74.0540052181_-135.jpg"},
{"lat":4.6772651,"log":-74.0466423,"pv":64.36363636363637,"nv":24.36363636363637,"zv":11.272727272727275,"name":"4.6772651_-74.0466423_90.jpg"},
{"lat":4.63282947871,"log":-74.0639388178,"pv":33.18017224880383,"nv":34.80145454545455,"zv":32.018373205741625,"name":"4.63282947871_-74.0639388178_-90.jpg"},
{"lat":4.63298855764,"log":-74.0627763311,"pv":54.773333333333326,"nv":26.453333333333333,"zv":18.77333333333333,"name":"4.63298855764_-74.0627763311_180.jpg"},
{"lat":4.68181712681,"log":-74.0510159877,"pv":88.16000000000001,"nv":10.64,"zv":1.2,"name":"4.68181712681_-74.0510159877_0.jpg"},
{"lat":4.6761248,"log":-74.050915,"pv":58.4,"nv":40.64,"zv":0.9600000000000001,"name":"4.6761248_-74.050915_-45.jpg"},
{"lat":4.62507960835,"log":-74.0586299396,"pv":12.962962962962962,"nv":86.95987654320987,"zv":0.07716049382716048,"name":"4.62507960835_-74.0586299396_-135.jpg"},
{"lat":4.6501779814,"log":-74.0605870761,"pv":40.96,"nv":58.08,"zv":0.9600000000000003,"name":"4.6501779814_-74.0605870761_-45.jpg"},
{"lat":4.64249909777,"log":-74.0578846316,"pv":6.2809917355371905,"nv":91.60330578512395,"zv":2.1157024793388426,"name":"4.64249909777_-74.0578846316_-135.jpg"},
{"lat":4.67424219026,"log":-74.0456238864,"pv":99.12121212121212,"nv":0,"zv":0.8787878787878786,"name":"4.67424219026_-74.0456238864_0.jpg"},
{"lat":4.66415178191,"log":-74.0530389167,"pv":44.07272727272728,"nv":51.27272727272728,"zv":4.654545454545454,"name":"4.66415178191_-74.0530389167_-90.jpg"},
{"lat":4.65607544839,"log":-74.0573390128,"pv":0,"nv":100,"zv":0,"name":"4.65607544839_-74.0573390128_90.jpg"},
{"lat":4.67933862143,"log":-74.0451121344,"pv":58.08,"nv":40.64,"zv":1.28,"name":"4.67933862143_-74.0451121344_-135.jpg"},
{"lat":4.64751514358,"log":-74.0625078873,"pv":60,"nv":40,"zv":0,"name":"4.64751514358_-74.0625078873_90.jpg"},
{"lat":4.64464828977,"log":-74.0526517508,"pv":8.266666666666667,"nv":81.92,"zv":9.813333333333334,"name":"4.64464828977_-74.0526517508_0.jpg"},
{"lat":4.6424802222,"log":-74.0564129944,"pv":31.039999999999996,"nv":58.605714285714285,"zv":10.354285714285712,"name":"4.6424802222_-74.0564129944_-90.jpg"},
{"lat":4.68154934646,"log":-74.0564998868,"pv":15.703125000000002,"nv":81.25,"zv":3.046875,"name":"4.68154934646_-74.0564998868_-135.jpg"},
{"lat":4.6841465,"log":-74.0483168,"pv":60,"nv":40,"zv":0,"name":"4.6841465_-74.0483168_45.jpg"},
{"lat":4.6676935,"log":-74.0512185,"pv":92.96,"nv":0.64,"zv":6.400000000000001,"name":"4.6676935_-74.0512185_180.jpg"},
{"lat":4.67364947318,"log":-74.0483950541,"pv":78,"nv":7.199999999999999,"zv":14.799999999999999,"name":"4.67364947318_-74.0483950541_45.jpg"},
{"lat":4.68057376975,"log":-74.0423872832,"pv":90.24,"nv":9.6,"zv":0.15999999999999998,"name":"4.68057376975_-74.0423872832_135.jpg"},
{"lat":4.66409541443,"log":-74.0467710981,"pv":59.519999999999996,"nv":40.32,"zv":0.15999999999999998,"name":"4.66409541443_-74.0467710981_45.jpg"},
{"lat":4.6320502,"log":-74.0576983,"pv":0.32,"nv":96.8,"zv":2.88,"name":"4.6320502_-74.0576983_45.jpg"},
{"lat":4.66277183298,"log":-74.0509001426,"pv":74.13333333333333,"nv":21.866666666666664,"zv":3.9999999999999996,"name":"4.66277183298_-74.0509001426_180.jpg"},
{"lat":4.65520524787,"log":-74.0601333251,"pv":63.84000000000001,"nv":33.76,"zv":2.4,"name":"4.65520524787_-74.0601333251_-45.jpg"},
{"lat":4.6271160489,"log":-74.0606317728,"pv":10.666666666666664,"nv":86.66666666666666,"zv":2.666666666666666,"name":"4.6271160489_-74.0606317728_-90.jpg"},
{"lat":4.673556,"log":-74.0189623,"pv":0,"nv":99.36,"zv":0.64,"name":"4.673556_-74.0189623_90.jpg"},
{"lat":4.65535068511,"log":-74.0485897994,"pv":78.0010852324902,"nv":14.764901076884549,"zv":7.234013690625261,"name":"4.65535068511_-74.0485897994_-45.jpg"},
{"lat":4.64985642158,"log":-74.0502358564,"pv":31.119999999999997,"nv":67.44,"zv":1.4400000000000002,"name":"4.64985642158_-74.0502358564_-135.jpg"},
{"lat":4.67902601734,"log":-74.0452773969,"pv":69.6,"nv":26.93333333333333,"zv":3.4666666666666672,"name":"4.67902601734_-74.0452773969_0.jpg"},
{"lat":4.65979419435,"log":-74.0527403582,"pv":76.4057689191379,"nv":19.674688057041,"zv":3.9195430238210975,"name":"4.65979419435_-74.0527403582_90.jpg"},
{"lat":4.62594033613,"log":-74.0622817212,"pv":12.8,"nv":84.64,"zv":2.56,"name":"4.62594033613_-74.0622817212_45.jpg"},
{"lat":4.63937819602,"log":-74.062527888,"pv":28.628089325204716,"nv":63.67427978004901,"zv":7.69763089474628,"name":"4.63937819602_-74.062527888_45.jpg"},
{"lat":4.62643489501,"log":-74.0656983522,"pv":3.205128205128204,"nv":91.45299145299145,"zv":5.341880341880341,"name":"4.62643489501_-74.0656983522_180.jpg"},
{"lat":4.6759601,"log":-74.0496679,"pv":57.599999999999994,"nv":36.16,"zv":6.239999999999999,"name":"4.6759601_-74.0496679_180.jpg"},
{"lat":4.6493687,"log":-74.0610065,"pv":84.42666666666668,"nv":6.986666666666669,"zv":8.58666666666667,"name":"4.6493687_-74.0610065_-90.jpg"},
{"lat":4.6561383614,"log":-74.0605487725,"pv":55.88235294117647,"nv":42.40196078431374,"zv":1.7156862745098045,"name":"4.6561383614_-74.0605487725_-90.jpg"},
{"lat":4.63731826586,"log":-74.0560703161,"pv":14.399999999999999,"nv":85.44,"zv":0.16,"name":"4.63731826586_-74.0560703161_-135.jpg"},
{"lat":4.6524874,"log":-74.0519549,"pv":74.74747474747475,"nv":24.64646464646465,"zv":0.606060606060606,"name":"4.6524874_-74.0519549_-45.jpg"},
{"lat":4.68140940187,"log":-74.0474377424,"pv":80.49,"nv":7.3,"zv":12.209999999999999,"name":"4.68140940187_-74.0474377424_0.jpg"},
{"lat":4.63037639393,"log":-74.0629524962,"pv":92.16,"nv":0.7466666666666666,"zv":7.093333333333331,"name":"4.63037639393_-74.0629524962_135.jpg"},
{"lat":4.64874135067,"log":-74.0594046324,"pv":52.52534978185648,"nv":35.67865202346924,"zv":11.795998194674292,"name":"4.64874135067_-74.0594046324_45.jpg"},
{"lat":4.66902791227,"log":-74.0392409658,"pv":0,"nv":98.72,"zv":1.28,"name":"4.66902791227_-74.0392409658_-45.jpg"},
{"lat":4.67331762335,"log":-74.0591681977,"pv":66.13481994104832,"nv":30.411380238369862,"zv":3.4537998205818274,"name":"4.67331762335_-74.0591681977_180.jpg"},
{"lat":4.65849201076,"log":-74.0504477874,"pv":29.90196078431373,"nv":68.38235294117648,"zv":1.7156862745098045,"name":"4.65849201076_-74.0504477874_180.jpg"},
{"lat":4.648781,"log":-74.0532561,"pv":84.54350490196079,"nv":9.359681372549018,"zv":6.096813725490194,"name":"4.648781_-74.0532561_-90.jpg"},
{"lat":4.6422688,"log":-74.0588961,"pv":65.3125,"nv":27.749999999999996,"zv":6.937500000000001,"name":"4.6422688_-74.0588961_-90.jpg"},
{"lat":4.66422241834,"log":-74.0559489925,"pv":60.228956228956235,"nv":38.23569023569024,"zv":1.5353535353535355,"name":"4.66422241834_-74.0559489925_90.jpg"},
{"lat":4.68105349316,"log":-74.0437995591,"pv":92.13223140495866,"nv":6.2809917355371905,"zv":1.5867768595041327,"name":"4.68105349316_-74.0437995591_180.jpg"},
{"lat":4.63152945988,"log":-74.0673062863,"pv":45.421487603305785,"nv":53.388429752066116,"zv":1.1900826446280992,"name":"4.63152945988_-74.0673062863_135.jpg"},
{"lat":4.68365585519,"log":-74.0484654992,"pv":31.490909090909092,"nv":67.63636363636364,"zv":0.8727272727272728,"name":"4.68365585519_-74.0484654992_180.jpg"},
{"lat":4.68014523847,"log":-74.0406041516,"pv":89.27999999999999,"nv":8.799999999999999,"zv":1.92,"name":"4.68014523847_-74.0406041516_90.jpg"},
{"lat":4.68235480993,"log":-74.0492737841,"pv":51.40848484848486,"nv":45.9539393939394,"zv":2.6375757575757586,"name":"4.68235480993_-74.0492737841_90.jpg"},
{"lat":4.68376037619,"log":-74.0506196156,"pv":68.4573002754821,"nv":31.175390266299356,"zv":0.36730945821854905,"name":"4.68376037619_-74.0506196156_180.jpg"},
{"lat":4.67517204303,"log":-74.0357437031,"pv":6.25,"nv":92.5,"zv":1.25,"name":"4.67517204303_-74.0357437031_135.jpg"},
{"lat":4.66410735837,"log":-74.0540182561,"pv":60,"nv":40,"zv":0,"name":"4.66410735837_-74.0540182561_-45.jpg"},
{"lat":4.62997409275,"log":-74.0591529661,"pv":40.843537414965986,"nv":58.06802721088435,"zv":1.0884353741496595,"name":"4.62997409275_-74.0591529661_-90.jpg"},
{"lat":4.6566241002,"log":-74.0578362658,"pv":31.871588141429406,"nv":53.1893843957336,"zv":14.93902746283699,"name":"4.6566241002_-74.0578362658_-90.jpg"},
{"lat":4.67249617691,"log":-74.0458351616,"pv":59.640625,"nv":32.6875,"zv":7.671875,"name":"4.67249617691_-74.0458351616_180.jpg"},
{"lat":4.65318302279,"log":-74.0629251295,"pv":74.75876220053237,"nv":19.863298580301684,"zv":5.377939219165926,"name":"4.65318302279_-74.0629251295_45.jpg"},
{"lat":4.64771819591,"log":-74.0542189665,"pv":5.6,"nv":90.93333333333332,"zv":3.4666666666666663,"name":"4.64771819591_-74.0542189665_-45.jpg"},
{"lat":4.65344953333,"log":-74.0496532341,"pv":95.76719576719576,"nv":1.6931216931216928,"zv":2.5396825396825395,"name":"4.65344953333_-74.0496532341_-135.jpg"},
{"lat":4.66064222166,"log":-74.0522663582,"pv":80.08658008658008,"nv":16.47770219198791,"zv":3.435717721432007,"name":"4.66064222166_-74.0522663582_-45.jpg"},
{"lat":4.6755748322,"log":-74.0433923673,"pv":63.45743145743147,"nv":26.106782106782106,"zv":10.435786435786436,"name":"4.6755748322_-74.0433923673_180.jpg"},
{"lat":4.6739048666,"log":-74.0497089747,"pv":73.47154734909837,"nv":12.807256235827664,"zv":13.721196415073969,"name":"4.6739048666_-74.0497089747_135.jpg"},
{"lat":4.65252867183,"log":-74.060001872,"pv":90.24,"nv":9.6,"zv":0.15999999999999998,"name":"4.65252867183_-74.060001872_-135.jpg"},
{"lat":4.67036185246,"log":-74.0212295522,"pv":59.519999999999996,"nv":40.32,"zv":0.15999999999999998,"name":"4.67036185246_-74.0212295522_0.jpg"},
{"lat":4.6585862,"log":-74.0503742,"pv":71.84,"nv":23.680000000000003,"zv":4.48,"name":"4.6585862_-74.0503742_90.jpg"},
{"lat":4.6726265,"log":-74.0229757,"pv":46.75878787878788,"nv":46.724848484848486,"zv":6.516363636363637,"name":"4.6726265_-74.0229757_90.jpg"},
{"lat":4.64065027924,"log":-74.057657984,"pv":48.27777777777778,"nv":50.027777777777786,"zv":1.6944444444444446,"name":"4.64065027924_-74.057657984_0.jpg"},
{"lat":4.66513125129,"log":-74.0551359195,"pv":55.204848484848476,"nv":36.45575757575757,"zv":8.33939393939394,"name":"4.66513125129_-74.0551359195_-45.jpg"},
{"lat":4.65087010632,"log":-74.0616179409,"pv":63.7114951164538,"nv":32.1412471825695,"zv":4.14725770097671,"name":"4.65087010632_-74.0616179409_-45.jpg"},
{"lat":4.67062505045,"log":-74.0406526451,"pv":53.17647058823529,"nv":41.157647058823535,"zv":5.665882352941175,"name":"4.67062505045_-74.0406526451_0.jpg"},
{"lat":4.66652874363,"log":-74.047850167,"pv":53.3840830449827,"nv":41.3840830449827,"zv":5.231833910034602,"name":"4.66652874363_-74.047850167_135.jpg"},
{"lat":4.67131267421,"log":-74.0471570992,"pv":75.83471074380166,"nv":13.421487603305785,"zv":10.743801652892559,"name":"4.67131267421_-74.0471570992_45.jpg"},
{"lat":4.66702709014,"log":-74.0479965057,"pv":80.72727272727272,"nv":11.515151515151514,"zv":7.757575757575756,"name":"4.66702709014_-74.0479965057_-135.jpg"},
{"lat":4.67067122341,"log":-74.0459759886,"pv":99.03999999999999,"nv":0,"zv":0.9600000000000001,"name":"4.67067122341_-74.0459759886_-90.jpg"},
{"lat":4.64604740588,"log":-74.0602503294,"pv":97.84,"nv":0.48000000000000004,"zv":1.68,"name":"4.64604740588_-74.0602503294_180.jpg"},
{"lat":4.66287947452,"log":-74.0591934796,"pv":32.48,"nv":64.32,"zv":3.2000000000000006,"name":"4.66287947452_-74.0591934796_0.jpg"},
{"lat":4.66547217532,"log":-74.047521921,"pv":100,"nv":0,"zv":0,"name":"4.66547217532_-74.047521921_45.jpg"},
{"lat":4.67738443749,"log":-74.0459970356,"pv":80,"nv":20,"zv":0,"name":"4.67738443749_-74.0459970356_135.jpg"},
{"lat":4.64889528701,"log":-74.0637360204,"pv":28.092447916666668,"nv":71.02864583333334,"zv":0.87890625,"name":"4.64889528701_-74.0637360204_180.jpg"},
{"lat":4.6708637,"log":-74.0207605,"pv":44.64,"nv":52.79999999999999,"zv":2.56,"name":"4.6708637_-74.0207605_45.jpg"},
{"lat":4.67519631035,"log":-74.0554815741,"pv":94.42424242424244,"nv":4.333333333333334,"zv":1.2424242424242422,"name":"4.67519631035_-74.0554815741_-90.jpg"},
{"lat":4.68376280388,"log":-74.0555682436,"pv":63.77846153846154,"nv":23.126153846153848,"zv":13.095384615384614,"name":"4.68376280388_-74.0555682436_-135.jpg"},
{"lat":4.67629630582,"log":-74.0534543721,"pv":59.39697383484366,"nv":21.521772113488097,"zv":19.081254051668257,"name":"4.67629630582_-74.0534543721_90.jpg"},
{"lat":4.67237373867,"log":-74.0460154735,"pv":52.68027210884354,"nv":29.904761904761905,"zv":17.414965986394552,"name":"4.67237373867_-74.0460154735_-135.jpg"},
{"lat":4.67882728901,"log":-74.0459178536,"pv":43.24317460317461,"nv":39.918730158730156,"zv":16.838095238095235,"name":"4.67882728901_-74.0459178536_0.jpg"},
{"lat":4.6286159,"log":-74.0573694,"pv":38.080000000000005,"nv":60.96,"zv":0.9600000000000003,"name":"4.6286159_-74.0573694_135.jpg"},
{"lat":4.65368276963,"log":-74.0585467036,"pv":66.28025894062078,"nv":26.16959064327486,"zv":7.550150416104365,"name":"4.65368276963_-74.0585467036_0.jpg"},
{"lat":4.6528234,"log":-74.0546394,"pv":93.11999999999999,"nv":5.92,"zv":0.96,"name":"4.6528234_-74.0546394_-90.jpg"},
{"lat":4.6710228,"log":-74.0224386,"pv":20,"nv":80,"zv":0,"name":"4.6710228_-74.0224386_180.jpg"},
{"lat":4.67022493849,"log":-74.0189828963,"pv":48.31999999999999,"nv":48.31999999999999,"zv":3.359999999999999,"name":"4.67022493849_-74.0189828963_135.jpg"},
{"lat":4.66345120794,"log":-74.0483716957,"pv":40,"nv":60,"zv":0,"name":"4.66345120794_-74.0483716957_45.jpg"},
{"lat":4.67467656278,"log":-74.0225397145,"pv":40,"nv":60,"zv":0,"name":"4.67467656278_-74.0225397145_-45.jpg"},
{"lat":4.67000360438,"log":-74.0209541148,"pv":0,"nv":100,"zv":0,"name":"4.67000360438_-74.0209541148_-45.jpg"},
{"lat":4.62807428227,"log":-74.0589383521,"pv":14.499999999999998,"nv":77.51420454545453,"zv":7.985795454545454,"name":"4.62807428227_-74.0589383521_-45.jpg"},
{"lat":4.64145370814,"log":-74.0557580847,"pv":1.6875000000000004,"nv":89.03125,"zv":9.281250000000002,"name":"4.64145370814_-74.0557580847_-45.jpg"},
{"lat":4.66364560763,"log":-74.0554099333,"pv":94,"nv":0.4,"zv":5.6,"name":"4.66364560763_-74.0554099333_90.jpg"},
{"lat":4.67868289096,"log":-74.0428387944,"pv":96.8,"nv":0.32,"zv":2.88,"name":"4.67868289096_-74.0428387944_-90.jpg"},
{"lat":4.6709012,"log":-74.0249939,"pv":0,"nv":97.26545454545456,"zv":2.7345454545454544,"name":"4.6709012_-74.0249939_90.jpg"},
{"lat":4.63796163793,"log":-74.0632485825,"pv":31.336088154269977,"nv":64.94490358126723,"zv":3.71900826446281,"name":"4.63796163793_-74.0632485825_45.jpg"},
{"lat":4.63798734371,"log":-74.0545735335,"pv":4.525951557093425,"nv":93.81314878892732,"zv":1.6608996539792384,"name":"4.63798734371_-74.0545735335_-90.jpg"},
{"lat":4.62920951804,"log":-74.0623840091,"pv":27.52,"nv":69.6,"zv":2.88,"name":"4.62920951804_-74.0623840091_-45.jpg"},
{"lat":4.67986840445,"log":-74.0464350431,"pv":64.96975425330814,"nv":26.94896030245747,"zv":8.081285444234405,"name":"4.67986840445_-74.0464350431_135.jpg"},
{"lat":4.68112016329,"log":-74.0425898203,"pv":71.45982899088489,"nv":16.812157175123012,"zv":11.728013833992094,"name":"4.68112016329_-74.0425898203_-90.jpg"},
{"lat":4.64630607488,"log":-74.0522434576,"pv":10.4,"nv":87.92,"zv":1.68,"name":"4.64630607488_-74.0522434576_0.jpg"},
{"lat":4.62955442901,"log":-74.065505346,"pv":86.88,"nv":8.32,"zv":4.799999999999999,"name":"4.62955442901_-74.065505346_-45.jpg"},
{"lat":4.63238847704,"log":-74.0648205021,"pv":33.41826923076924,"nv":55.85637019230769,"zv":10.725360576923075,"name":"4.63238847704_-74.0648205021_135.jpg"},
{"lat":4.67797128479,"log":-74.0442800173,"pv":54.56916881195727,"nv":27.341448615487078,"zv":18.08938257255565,"name":"4.67797128479_-74.0442800173_-45.jpg"},
{"lat":4.63423033157,"log":-74.0567624549,"pv":17.119999999999997,"nv":79.67999999999999,"zv":3.2000000000000006,"name":"4.63423033157_-74.0567624549_-90.jpg"},
{"lat":4.67475883735,"log":-74.0585485073,"pv":64.79338842975207,"nv":32.561983471074385,"zv":2.644628099173554,"name":"4.67475883735_-74.0585485073_-90.jpg"},
{"lat":4.63961606829,"log":-74.0566883856,"pv":5.2,"nv":93.12000000000002,"zv":1.68,"name":"4.63961606829_-74.0566883856_0.jpg"},
{"lat":4.6413073114,"log":-74.0632430615,"pv":33.77777777777777,"nv":61.77777777777778,"zv":4.444444444444444,"name":"4.6413073114_-74.0632430615_90.jpg"},
{"lat":4.67231768284,"log":-74.0581672391,"pv":99.8888888888889,"nv":0,"zv":0.11111111111111109,"name":"4.67231768284_-74.0581672391_0.jpg"},
{"lat":4.67018800579,"log":-74.0566138807,"pv":79.67999999999999,"nv":20.16,"zv":0.16,"name":"4.67018800579_-74.0566138807_90.jpg"},
{"lat":4.66794495522,"log":-74.0464507663,"pv":16.078918523931314,"nv":76.49908659115819,"zv":7.421994884910485,"name":"4.66794495522_-74.0464507663_135.jpg"},
{"lat":4.64747175023,"log":-74.0579258437,"pv":48.46060606060606,"nv":47.92727272727273,"zv":3.6121212121212123,"name":"4.64747175023_-74.0579258437_45.jpg"},
{"lat":4.65866873134,"log":-74.0577565258,"pv":48.76033057851241,"nv":46.94214876033058,"zv":4.297520661157025,"name":"4.65866873134_-74.0577565258_90.jpg"},
{"lat":4.627372,"log":-74.0573042,"pv":0,"nv":100,"zv":0,"name":"4.627372_-74.0573042_-45.jpg"},
{"lat":4.64503353305,"log":-74.0602503269,"pv":89.19754063962374,"nv":3.93598615916955,"zv":6.866473201206719,"name":"4.64503353305_-74.0602503269_45.jpg"},
{"lat":4.64930828928,"log":-74.0628367401,"pv":73.18055555555554,"nv":19.756944444444443,"zv":7.062500000000001,"name":"4.64930828928_-74.0628367401_-45.jpg"},
{"lat":4.63938848737,"log":-74.0615356671,"pv":9.073691460055095,"nv":87.86626596543951,"zv":3.060042574505384,"name":"4.63938848737_-74.0615356671_135.jpg"},
{"lat":4.65064137369,"log":-74.0523209523,"pv":25.919999999999998,"nv":73.44,"zv":0.64,"name":"4.65064137369_-74.0523209523_-90.jpg"},
{"lat":4.6308904,"log":-74.067038,"pv":57.67272727272727,"nv":40.872727272727275,"zv":1.4545454545454548,"name":"4.6308904_-74.067038_-90.jpg"},
{"lat":4.65480323261,"log":-74.0534141663,"pv":47.48,"nv":43.16000000000001,"zv":9.36,"name":"4.65480323261_-74.0534141663_0.jpg"},
{"lat":4.67648050636,"log":-74.0515101234,"pv":22.400000000000002,"nv":65.60000000000001,"zv":11.999999999999996,"name":"4.67648050636_-74.0515101234_135.jpg"},
{"lat":4.63638219185,"log":-74.0598237395,"pv":0.24242424242424243,"nv":99.03030303030303,"zv":0.7272727272727274,"name":"4.63638219185_-74.0598237395_90.jpg"},
{"lat":4.66953439729,"log":-74.04764331,"pv":48.94117647058824,"nv":47.67058823529412,"zv":3.3882352941176466,"name":"4.66953439729_-74.04764331_135.jpg"},
{"lat":4.65726867105,"log":-74.0539120598,"pv":51.041666666666664,"nv":47.65625,"zv":1.3020833333333335,"name":"4.65726867105_-74.0539120598_-45.jpg"},
{"lat":4.63888368456,"log":-74.0631066066,"pv":92.43636363636364,"nv":2.9090909090909096,"zv":4.654545454545454,"name":"4.63888368456_-74.0631066066_-90.jpg"},
{"lat":4.65881548894,"log":-74.0527747436,"pv":89.75999999999999,"nv":8.32,"zv":1.92,"name":"4.65881548894_-74.0527747436_90.jpg"},
{"lat":4.63178173803,"log":-74.0610121339,"pv":0,"nv":100,"zv":0,"name":"4.63178173803_-74.0610121339_-135.jpg"},
{"lat":4.68477868766,"log":-74.0523622685,"pv":62.43809523809524,"nv":30.247619047619047,"zv":7.314285714285715,"name":"4.68477868766_-74.0523622685_-90.jpg"},
{"lat":4.67322293746,"log":-74.0389767415,"pv":0.9600000000000001,"nv":98.4,"zv":0.64,"name":"4.67322293746_-74.0389767415_135.jpg"},
{"lat":4.67103071399,"log":-74.0483749835,"pv":39.36,"nv":60.480000000000004,"zv":0.16,"name":"4.67103071399_-74.0483749835_-135.jpg"},
{"lat":4.6674175508,"log":-74.0448293195,"pv":85.44,"nv":14.399999999999999,"zv":0.16,"name":"4.6674175508_-74.0448293195_-90.jpg"},
{"lat":4.6794205,"log":-74.0584418,"pv":0.32,"nv":98.72,"zv":0.9600000000000001,"name":"4.6794205_-74.0584418_0.jpg"},
{"lat":4.64530511348,"log":-74.0573189263,"pv":86.55999999999999,"nv":11.520000000000001,"zv":1.9200000000000006,"name":"4.64530511348_-74.0573189263_-90.jpg"},
{"lat":4.64546606252,"log":-74.0621171311,"pv":84.56589673913044,"nv":7.069972826086957,"zv":8.36413043478261,"name":"4.64546606252_-74.0621171311_-135.jpg"},
{"lat":4.67225043386,"log":-74.056189495,"pv":79.06719367588933,"nv":16.34782608695652,"zv":4.58498023715415,"name":"4.67225043386_-74.056189495_-135.jpg"},
{"lat":4.66924175457,"log":-74.0231596209,"pv":0,"nv":100,"zv":0,"name":"4.66924175457_-74.0231596209_0.jpg"},
{"lat":4.66332133906,"log":-74.0588672759,"pv":88,"nv":7.600000000000001,"zv":4.400000000000001,"name":"4.66332133906_-74.0588672759_180.jpg"},
{"lat":4.64391987109,"log":-74.0624912546,"pv":27.76988636363636,"nv":70.73863636363636,"zv":1.4914772727272727,"name":"4.64391987109_-74.0624912546_-135.jpg"},
{"lat":4.64533256176,"log":-74.055515284,"pv":42.1875,"nv":56.56250000000001,"zv":1.25,"name":"4.64533256176_-74.055515284_-135.jpg"},
{"lat":4.6689938,"log":-74.0443487,"pv":20,"nv":80,"zv":0,"name":"4.6689938_-74.0443487_135.jpg"},
{"lat":4.6837808,"log":-74.0478502,"pv":31.199999999999996,"nv":63.51999999999999,"zv":5.279999999999999,"name":"4.6837808_-74.0478502_135.jpg"},
{"lat":4.67687377555,"log":-74.043278766,"pv":42.13333333333334,"nv":54.400000000000006,"zv":3.4666666666666663,"name":"4.67687377555_-74.043278766_-135.jpg"},
{"lat":4.67461876361,"log":-74.0564481624,"pv":60.14096096740725,"nv":36.438767843726524,"zv":3.42027118886623,"name":"4.67461876361_-74.0564481624_90.jpg"},
{"lat":4.68549358353,"log":-74.0560670589,"pv":55.94475365903937,"nv":37.66975881261595,"zv":6.3854875283446715,"name":"4.68549358353_-74.0560670589_90.jpg"},
{"lat":4.6407018534,"log":-74.0650038477,"pv":32.800000000000004,"nv":62.8,"zv":4.4,"name":"4.6407018534_-74.0650038477_180.jpg"},
